0扇区：
 30 6C 30 A3 CF 08 04 00 01 A4 17 77 5A B6 DF 1D
 07 E2 00 00 00 00 00 00 00 00 00 00 00 00 00 00
 00 00 00 00 00 00 00 00 00 00 00 00 00 00 00 00
 29 2D 70 25 27 8A 7F 07 88 99 90 56 12 9A 6C 5F
1扇区：
 00 00 00 00 00 00 00 00 00 00 00 00 00 00 00 00
 00 00 00 00 00 00 00 00 00 00 00 00 00 00 00 00
 00 00 00 00 00 00 00 00 00 00 00 00 00 00 00 00
 20 8C F6 63 40 38 7F 07 88 99 90 4A 16 86 64 5D
2扇区：
 C1 F5 B1 F9 00 00 00 00 00 00 00 00 00 00 00 00
 A2 01 71 22 21 4B 00 00 00 00 37 08 82 19 97 09
 03 20 2A 30 30 30 30 30 30 30 30 30 30 30 30 30
 2B 2F 72 27 25 88 7F 07 88 99 90 4A 16 86 64 5B
3扇区：
 00 00 00 00 00 00 00 00 00 00 00 00 00 00 00 00
 00 07 35 18 00 00 00 00 00 00 00 00 00 00 00 CB
 00 00 00 00 00 00 00 00 00 00 00 00 00 00 00 00
 2A 2E 73 26 24 89 7F 07 88 99 90 4E 12 8A 64 55
4扇区：
 53 00 00 00 00 00 00 00 00 00 00 00 00 00 01 10
 53 00 00 00 00 00 00 00 00 00 00 00 00 00 01 10
 53 00 00 00 00 00 00 00 00 00 00 00 00 00 01 10
 2D 29 74 21 23 8E 7F 07 88 99 B0 4E 12 8A 64 57
5扇区：
 00 00 00 00 00 00 00 00 00 00 00 00 00 00 00 00
 19 A0 01 0C F5 A0 4A 0D 87 02 24 6E 01 01 09 50
 F1 00 00 03 20 20 03 20 20 2A FF 2D 5F 01 00 E3
 2C 28 75 20 22 8F 7F 07 88 99 B0 4A 1E 8E 1C 55
6扇区：
 00 00 00 00 00 00 00 00 00 00 00 00 00 00 00 00
 00 00 00 00 00 00 00 00 00 00 00 00 00 00 00 00
 00 00 00 00 00 00 00 00 00 00 00 00 00 00 00 00
 20 8C F6 63 40 38 7F 07 88 99 B0 4A 1E 8E 1C 2B
7扇区：
 00 00 00 00 00 00 00 00 00 00 00 00 00 00 00 00
 00 00 00 00 00 00 00 00 00 00 00 00 00 00 00 00
 00 00 00 00 00 00 00 00 00 00 00 00 00 00 00 00
 20 8C F6 63 40 38 7F 07 88 99 B0 76 12 8A 1C 2D
8扇区：
 00 00 00 00 00 00 00 00 00 00 00 00 00 00 00 00
 00 00 00 00 00 00 00 00 00 00 00 00 00 00 00 00
 00 00 00 00 00 00 00 00 00 00 00 00 00 00 00 00
 20 8C F6 63 40 38 7F 07 88 99 B0 76 12 8A 1C 2F
9扇区：
 00 00 00 00 00 00 00 00 00 00 00 00 00 00 00 00
 00 00 00 00 00 00 00 00 00 00 00 00 00 00 00 00
 00 00 00 00 00 00 00 00 00 00 00 00 00 00 00 00
 20 8C F6 63 40 38 7F 07 88 99 B0 7A 16 86 24 2D
10扇区：
 00 00 00 00 00 00 00 00 00 00 00 00 00 00 00 00
 00 00 00 00 00 00 00 00 00 00 00 00 00 00 00 00
 00 00 00 00 00 00 00 00 00 00 00 00 00 00 00 00
 89 B6 90 59 7A 02 7F 07 88 99 B0 7A 16 86 24 2B
11扇区：
 00 00 00 00 00 00 00 00 00 00 00 00 00 00 00 00
 00 00 00 00 00 00 00 00 00 00 00 00 00 00 00 00
 00 00 00 00 00 00 00 00 00 00 00 00 00 00 00 00
 88 B7 91 58 7B 03 7F 07 88 99 B0 7E 12 BA 24 35
12扇区：
 00 00 00 00 00 00 00 00 00 00 00 00 00 00 00 00
 00 00 00 00 00 00 00 00 00 00 00 00 00 00 00 00
 00 00 00 00 00 00 00 00 00 00 00 00 00 00 00 00
 8F B0 96 5F 7C 04 7F 07 88 99 B0 7E 12 BA 24 37
13扇区：
 00 00 00 00 00 00 00 00 00 00 00 00 00 00 00 00
 00 00 00 00 00 00 00 00 00 00 00 00 00 00 00 00
 00 00 00 00 00 00 00 00 00 00 00 00 00 00 00 00
 8E B1 97 5E 7D 05 7F 07 88 99 B0 7A 2E BE 2C 35
14扇区：
 00 35 06 00 00 00 00 00 2A 04 17 C7 9F 00 00 9D
 00 35 06 00 00 00 00 00 2A 04 17 C7 9F 00 00 9D
 11 09 09 43 43 09 00 01 5E 00 01 5E 05 F1 89 02
 27 23 7E 2B 29 84 7F 07 88 99 B0 7A 2E BE 2C 3B
15扇区：
 00 00 00 00 00 00 00 00 00 00 00 00 00 00 AA 2E
 00 00 00 00 00 00 00 00 00 00 00 00 00 00 AA 2E
 00 00 00 00 00 00 00 00 00 00 00 00 00 00 AA 2E
 26 22 7F 2A 28 85 7F 07 88 99 B0 76 32 BA 2C 3D
